-1.173855900764465332e+00 -1.337360858917236328e+00 1.876581072807312012e+00 -0.000000000000000000e+00 -0.000000000000000000e+00 6.557614803314208984e-01 7.549681067466735840e-01
-1.199740886688232422e+00 -1.793239712715148926e+00 1.708268642425537109e+00 3.636756539344787598e-02 -6.228927522897720337e-03 6.733445525169372559e-01 7.384074926376342773e-01
-1.225476145744323730e+00 -2.236623525619506836e+00 1.544254899024963379e+00 7.440334558486938477e-02 -1.263591833412647247e-02 6.902347207069396973e-01 7.196391820907592773e-01
-1.190634250640869141e+00 -2.684413909912109375e+00 1.482374548912048340e+00 1.132694780826568604e-01 -1.912423595786094666e-02 7.059722542762756348e-01 6.988615393638610840e-01
-1.108782887458801270e+00 -3.341459989547729492e+00 1.445873260498046875e+00 1.712957620620727539e-01 -2.879717946052551270e-02 7.266745567321777344e-01 6.646597981452941895e-01
-1.053628206253051758e+00 -3.763373851776123047e+00 1.425301194190979004e+00 2.086104154586791992e-01 -3.507038205862045288e-02 7.382366061210632324e-01 6.405140757560729980e-01
-9.795827865600585938e-01 -4.168947696685791016e+00 1.398168563842773438e+00 2.439257800579071045e-01 -4.110091924667358398e-02 7.479224205017089844e-01 6.159731149673461914e-01
-9.070091247558593750e-01 -4.561442852020263672e+00 1.355404019355773926e+00 2.765229940414428711e-01 -4.680987447500228882e-02 7.557884454727172852e-01 5.917158126831054688e-01
-8.368690013885498047e-01 -4.942221641540527344e+00 1.314612150192260742e+00 3.057376444339752197e-01 -5.212625116109848022e-02 7.619922161102294922e-01 5.684850811958312988e-01
-7.689823508262634277e-01 -5.311457633972167969e+00 1.275712251663208008e+00 3.309600949287414551e-01 -5.698765814304351807e-02 7.667724490165710449e-01 5.470628142356872559e-01
-7.027628421783447266e-01 -5.669682502746582031e+00 1.239233374595642090e+00 3.498476743698120117e-01 -6.396807730197906494e-02 7.702121734619140625e-01 5.294223427772521973e-01
-6.382936835289001465e-01 -6.016701698303222656e+00 1.204636216163635254e+00 3.635664582252502441e-01 -7.159709930419921875e-02 7.727750539779663086e-01 5.152785181999206543e-01
-5.760555267333984375e-01 -6.351896762847900391e+00 1.171118497848510742e+00 3.746111094951629639e-01 -7.694570720195770264e-02 7.751302123069763184e-01 5.029104948043823242e-01
-5.160831809043884277e-01 -6.675124168395996094e+00 1.138681650161743164e+00 3.832896947860717773e-01 -8.021982014179229736e-02 7.775998115539550781e-01 4.919269979000091553e-01
-4.795043468475341797e-01 -7.137187480926513672e+00 1.082788348197937012e+00 3.925799131393432617e-01 -8.166684210300445557e-02 7.819993495941162109e-01 4.771672785282135010e-01
-5.436207056045532227e-01 -7.571533203125000000e+00 1.011354088783264160e+00 3.983830213546752930e-01 -7.950323820114135742e-02 7.876514792442321777e-01 4.632225632667541504e-01
-6.041741967201232910e-01 -7.978032112121582031e+00 9.442529082298278809e-01 4.018138051033020020e-01 -7.429584860801696777e-02 7.948334217071533203e-01 4.486264586448669434e-01
-6.624108552932739258e-01 -8.363427162170410156e+00 8.804250955581665039e-01 4.039983749389648438e-01 -6.654325127601623535e-02 8.036811947822570801e-01 4.318030476570129395e-01
-6.623597741127014160e-01 -8.778893470764160156e+00 8.237524032592773438e-01 4.050690829753875732e-01 -5.766238272190093994e-02 8.141801953315734863e-01 4.119522869586944580e-01
-6.090291738510131836e-01 -9.231345176696777344e+00 7.721389532089233398e-01 4.060679674148559570e-01 -4.694961011409759521e-02 8.257375955581665039e-01 3.886666595935821533e-01
-5.518920421600341797e-01 -9.719562530517578125e+00 7.163128256797790527e-01 4.071767032146453857e-01 -3.475694358348846436e-02 8.372998237609863281e-01 3.632189929485321045e-01
-4.905984103679656982e-01 -1.024355888366699219e+01 6.563607454299926758e-01 4.081349968910217285e-01 -2.212794125080108643e-02 8.479691743850708008e-01 3.374675512313842773e-01
-3.911252915859222412e-01 -1.079352760314941406e+01 5.924218893051147461e-01 4.088228940963745117e-01 -1.010185480117797852e-02 8.570650815963745117e-01 3.133710026741027832e-01
-4.128507077693939209e-01 -1.118605899810791016e+01 5.482733249664306641e-01 4.091316163539886475e-01 -2.930819988250732422e-03 8.620119690895080566e-01 2.992288768291473389e-01
-4.457259178161621094e-01 -1.180262947082519531e+01 4.790206849575042725e-01 4.094379246234893799e-01 5.790174007415771484e-03 8.675030469894409180e-01 2.824276387691497803e-01
-4.782740175724029541e-01 -1.245271682739257812e+01 4.061816334724426270e-01 4.080251753330230713e-01 1.128612458705902100e-02 8.710314035415649414e-01 2.732985615730285645e-01
-5.108864307403564453e-01 -1.313594913482666016e+01 3.297238051891326904e-01 4.054366648197174072e-01 1.440104842185974121e-02 8.731914162635803223e-01 2.700932323932647705e-01
-5.413971543312072754e-01 -1.385141563415527344e+01 2.488558888435363770e-01 4.028225541114807129e-01 1.564317941665649414e-02 8.746960163116455078e-01 2.690652608871459961e-01
-3.983962535858154297e-01 -1.457739734649658203e+01 1.070721447467803955e-01 4.000287950038909912e-01 1.346831023693084717e-02 8.764359354972839355e-01 2.676855623722076416e-01
-2.498224079608917236e-01 -1.533419609069824219e+01 -3.997467085719108582e-02 3.976806402206420898e-01 8.925288915634155273e-03 8.792138099670410156e-01 2.622089385986328125e-01
-9.924541413784027100e-02 -1.610709190368652344e+01 -1.892044097185134888e-01 3.961023688316345215e-01 2.258904278278350830e-03 8.837316632270812988e-01 2.492313385009765625e-01
4.687381163239479065e-02 -1.686719131469726562e+01 -3.346942067146301270e-01 3.954838812351226807e-01 -6.285041570663452148e-03 8.903967738151550293e-01 2.252700626850128174e-01
-7.014395296573638916e-02 -1.734601593017578125e+01 -4.243987798690795898e-01 3.912969231605529785e-01 -1.152601093053817749e-02 8.975691199302673340e-01 2.027892768383026123e-01
-3.745580315589904785e-01 -1.804196166992187500e+01 -5.527636408805847168e-01 3.854533135890960693e-01 -2.102097496390342712e-02 9.085183143615722656e-01 1.599316447973251343e-01
-5.758534669876098633e-01 -1.850015640258789062e+01 -6.367181539535522461e-01 3.826355338096618652e-01 -2.816478535532951355e-02 9.145923852920532227e-01 1.277392655611038208e-01
-6.536482572555541992e-01 -1.899055671691894531e+01 -6.864227056503295898e-01 3.810698390007019043e-01 -3.537680208683013916e-02 9.189749956130981445e-01 9.496860206127166748e-02
-7.150527238845825195e-01 -1.948092651367187500e+01 -7.316619753837585449e-01 3.807587921619415283e-01 -4.199020937085151672e-02 9.215161800384521484e-01 6.377439200878143311e-02
-6.566034555435180664e-01 -1.989515113830566406e+01 -9.417513608932495117e-01 3.813996911048889160e-01 -4.738070070743560791e-02 9.224818944931030273e-01 3.628193587064743042e-02
-5.476135015487670898e-01 -2.027506828308105469e+01 -1.220043301582336426e+00 -3.824810981750488281e-01 5.109869688749313354e-02 -9.224359393119812012e-01 -1.446500234305858612e-02
-4.003700911998748779e-01 -2.077317810058593750e+01 -1.705637812614440918e+00 -3.837097585201263428e-01 5.303088203072547913e-02 -9.219221472740173340e-01 3.719111904501914978e-03
-3.110581040382385254e-01 -2.106265640258789062e+01 -2.068974018096923828e+00 -3.836632668972015381e-01 5.170753598213195801e-02 -9.220169186592102051e-01 3.687202930450439453e-03
-2.204488366842269897e-01 -2.134879875183105469e+01 -2.429704427719116211e+00 -3.810347318649291992e-01 4.830975830554962158e-02 -9.232684373855590820e-01 -7.366201840341091156e-03
-1.465799063444137573e-01 -2.164051628112792969e+01 -2.775285482406616211e+00 3.779682517051696777e-01 -4.305440187454223633e-02 9.243777990341186523e-01 2.849388122558593750e-02
-2.787711024284362793e-01 -2.203025817871093750e+01 -2.974431753158569336e+00 3.740559816360473633e-01 -3.644686564803123474e-02 9.248776435852050781e-01 5.792256817221641541e-02
-4.712824821472167969e-01 -2.260714721679687500e+01 -3.269792318344116211e+00 3.657065033912658691e-01 -2.511835098266601562e-02 9.234214425086975098e-01 1.136691197752952576e-01
-6.577509045600891113e-01 -2.317430686950683594e+01 -3.559476137161254883e+00 3.533710539340972900e-01 -1.366365700960159302e-02 9.183320403099060059e-01 1.777876317501068115e-01
-8.396236896514892578e-01 -2.373175811767578125e+01 -3.842200279235839844e+00 3.363842964172363281e-01 -3.894500434398651123e-03 9.095548987388610840e-01 2.440088838338851929e-01
-6.122134923934936523e-01 -2.421166038513183594e+01 -3.882272958755493164e+00 3.146800100803375244e-01 2.372927963733673096e-03 8.984272480010986328e-01 3.062666356563568115e-01
-1.620109528303146362e-01 -2.464324569702148438e+01 -3.785970449447631836e+00 2.887201607227325439e-01 3.375247120857238770e-03 8.875592947006225586e-01 3.589817583560943604e-01
2.758479714393615723e-01 -2.506411170959472656e+01 -3.688889026641845703e+00 2.597170472145080566e-01 -1.388616859912872314e-03 8.790127038955688477e-01 3.998522758483886719e-01
5.975458621978759766e-01 -2.541247558593750000e+01 -3.449642896652221680e+00 2.295389771461486816e-01 -1.050254702568054199e-02 8.725929260253906250e-01 4.310255646705627441e-01
7.201200723648071289e-01 -2.568986320495605469e+01 -2.738657236099243164e+00 1.905081868171691895e-01 -2.669003978371620178e-02 8.659308552742004395e-01 4.616903960704803467e-01
8.300896883010864258e-01 -2.598284530639648438e+01 -2.343823194503784180e+00 1.642968058586120605e-01 -3.982361406087875366e-02 8.610590696334838867e-01 4.795808494091033936e-01
9.921463727951049805e-01 -2.650104522705078125e+01 -2.273362398147583008e+00 1.425069570541381836e-01 -5.208449810743331909e-02 8.551378846168518066e-01 4.956995248794555664e-01
1.127178430557250977e+00 -2.697818756103515625e+01 -1.838563799858093262e+00 1.230314671993255615e-01 -6.443993747234344482e-02 8.437716960906982422e-01 5.184207558631896973e-01
1.171121716499328613e+00 -2.718762588500976562e+01 -1.245416283607482910e+00 1.160269081592559814e-01 -6.932792812585830688e-02 8.319588303565979004e-01 5.381224751472473145e-01
1.147262096405029297e+00 -2.708943367004394531e+01 -6.850140094757080078e-01 1.130748093128204346e-01 -7.031794637441635132e-02 8.181267976760864258e-01 5.594084858894348145e-01
1.002128005027770996e+00 -2.644448661804199219e+01 -7.276610936969518661e-03 1.109104976058006287e-01 -6.560816615819931030e-02 7.980871796607971191e-01 5.886011123657226562e-01
8.538671135902404785e-01 -2.578873443603515625e+01 6.809527277946472168e-01 1.051007658243179321e-01 -5.407121032476425171e-02 7.782670259475708008e-01 6.167094707489013672e-01
7.753720879554748535e-01 -2.486713409423828125e+01 1.381209969520568848e+00 8.335910737514495850e-02 -3.018732182681560516e-02 7.572703957557678223e-01 6.470559835433959961e-01
9.724402427673339844e-01 -2.344825553894042969e+01 1.460969686508178711e+00 2.681667730212211609e-02 1.069886982440948486e-02 7.394122481346130371e-01 6.726335883140563965e-01
7.697168588638305664e-01 -2.237126350402832031e+01 8.785940408706665039e-01 -3.660021722316741943e-02 4.969479888677597046e-02 7.237872481346130371e-01 6.872574687004089355e-01
-2.114795595407485962e-01 -2.220105934143066406e+01 1.146856069564819336e+00 -8.989521861076354980e-02 8.029740303754806519e-02 7.063572406768798828e-01 6.975173354148864746e-01
-1.778170943260192871e+00 -2.192021369934082031e+01 1.577934265136718750e+00 -1.606581211090087891e-01 1.189703717827796936e-01 6.672405600547790527e-01 7.175130844116210938e-01
-1.652432560920715332e+00 -2.187977409362792969e+01 1.353518605232238770e+00 -2.027911841869354248e-01 1.402910947799682617e-01 6.207669377326965332e-01 7.442060112953186035e-01
-1.282549977302551270e+00 -2.081246948242187500e+01 1.733307480812072754e+00 -2.254529446363449097e-01 1.492454856634140015e-01 5.742632150650024414e-01 7.727344632148742676e-01
-8.104752898216247559e-01 -1.942325210571289062e+01 2.231677532196044922e+00 -2.410610765218734741e-01 1.495092809200286865e-01 5.035654902458190918e-01 8.160626888275146484e-01
-1.288622140884399414e+00 -1.862212371826171875e+01 1.424458861351013184e+00 -2.440331727266311646e-01 1.403322219848632812e-01 4.357869327068328857e-01 8.548943996429443359e-01
-1.515361309051513672e+00 -1.769501876831054688e+01 1.210161089897155762e+00 -2.318111360073089600e-01 1.316397190093994141e-01 3.764508962631225586e-01 8.872537612915039062e-01
-1.684410929679870605e+00 -1.675475502014160156e+01 9.527071714401245117e-01 -2.146169245243072510e-01 1.176304072141647339e-01 3.127208352088928223e-01 9.177735447883605957e-01
-1.922432541847229004e+00 -1.608821678161621094e+01 3.301501274108886719e-01 -1.997422873973846436e-01 9.800785779953002930e-02 2.483739256858825684e-01 9.427660107612609863e-01
-2.183318138122558594e+00 -1.573487281799316406e+01 -1.585089117288589478e-01 -1.917528808116912842e-01 8.329121768474578857e-02 2.065829783678054810e-01 9.558330178260803223e-01
-2.160021305084228516e+00 -1.469958972930908203e+01 -1.596423238515853882e-01 -1.829531937837600708e-01 6.106769293546676636e-02 1.477876901626586914e-01 9.700297117233276367e-01
-1.809347629547119141e+00 -1.371213150024414062e+01 1.564453169703483582e-02 -1.776696294546127319e-01 4.111798480153083801e-02 9.647426754236221313e-02 9.784863591194152832e-01
-1.572543263435363770e+00 -1.265304946899414062e+01 5.703430157154798508e-03 -1.750652045011520386e-01 2.560306899249553680e-02 5.596753582358360291e-02 9.826312661170959473e-01
-1.378460407257080078e+00 -1.161350345611572266e+01 3.457730114459991455e-01 -1.691857576370239258e-01 1.605156250298023224e-02 2.931617759168148041e-02 9.850172400474548340e-01
-1.383039712905883789e+00 -1.089300251007080078e+01 5.620446801185607910e-01 -1.651854962110519409e-01 1.267107296735048294e-02 1.923469640314579010e-02 9.859935045242309570e-01
-1.284745812416076660e+00 -9.778498649597167969e+00 5.570953488349914551e-01 -1.615317314863204956e-01 1.114797964692115784e-02 1.352542079985141754e-02 9.867118597030639648e-01
-1.195156097412109375e+00 -9.039975166320800781e+00 3.666772246360778809e-01 -1.604102402925491333e-01 1.203288696706295013e-02 1.468525454401969910e-02 9.868678450584411621e-01
-1.118353962898254395e+00 -8.320446968078613281e+00 6.962066143751144409e-02 -1.601250916719436646e-01 1.406517159193754196e-02 1.876870542764663696e-02 9.868178963661193848e-01
-1.262824416160583496e+00 -7.159638404846191406e+00 -1.238790899515151978e-01 -1.608524322509765625e-01 1.856473274528980255e-02 2.840704470872879028e-02 9.863948822021484375e-01
-1.410771250724792480e+00 -5.973683834075927734e+00 -2.801205515861511230e-01 -1.624056398868560791e-01 2.384544163942337036e-02 3.956104069948196411e-02 9.856423139572143555e-01
-1.529201030731201172e+00 -4.338820934295654297e+00 -2.921191453933715820e-01 -1.647154539823532104e-01 3.023832105100154877e-02 5.156712606549263000e-02 9.845279455184936523e-01
-2.172657251358032227e+00 -2.879467725753784180e+00 -7.738317847251892090e-01 -1.665684431791305542e-01 3.363716602325439453e-02 5.626859888434410095e-02 9.838482141494750977e-01
-2.088311433792114258e+00 -2.065749406814575195e+00 -8.516156077384948730e-01 -1.673786342144012451e-01 3.349230438470840454e-02 5.593726783990859985e-02 9.837345480918884277e-01
-2.094571590423583984e+00 -8.130859136581420898e-01 -6.231594681739807129e-01 -1.685511171817779541e-01 3.016399033367633820e-02 5.238743871450424194e-02 9.838375449180603027e-01
-2.122512578964233398e+00 3.024658188223838806e-02 -4.420660436153411865e-01 -1.693516522645950317e-01 2.545231208205223083e-02 4.813932999968528748e-02 9.840502738952636719e-01
-1.990303277969360352e+00 8.707690238952636719e-01 -3.563778698444366455e-01 -1.702006757259368896e-01 1.841085776686668396e-02 4.250779375433921814e-02 9.843199849128723145e-01
-1.917129874229431152e+00 1.744338393211364746e+00 -3.593182265758514404e-01 -1.711218506097793579e-01 8.752215653657913208e-03 3.559646755456924438e-02 9.845678210258483887e-01
-1.843779563903808594e+00 2.624863147735595703e+00 -3.622814714908599854e-01 -1.721331775188446045e-01 -3.810030873864889145e-03 2.750861272215843201e-02 9.846821427345275879e-01
-1.770242214202880859e+00 3.512351036071777344e+00 -3.652990758419036865e-01 -1.732457280158996582e-01 -1.955947652459144592e-02 1.834758371114730835e-02 9.845134019851684570e-01
-1.702515482902526855e+00 4.406501293182373047e+00 -3.509240746498107910e-01 -1.729767322540283203e-01 -3.858017548918724060e-02 8.309450000524520874e-03 9.841349124908447266e-01
-1.657488346099853516e+00 5.284667968750000000e+00 -3.083474636077880859e-01 -1.728499680757522583e-01 -6.027887761592864990e-02 -2.329580485820770264e-03 9.830991625785827637e-01
-1.625161528587341309e+00 6.141088962554931641e+00 -3.382427990436553955e-01 -1.728966087102890015e-01 -8.382552862167358398e-02 -1.326671056449413300e-02 9.812767505645751953e-01
-1.593875050544738770e+00 6.973704814910888672e+00 -3.674392700195312500e-01 -1.731262952089309692e-01 -1.083824038505554199e-01 -2.421195991337299347e-02 9.786185622215270996e-01
-1.563521742820739746e+00 7.782509803771972656e+00 -3.959298729896545410e-01 -1.735287159681320190e-01 -1.331113874912261963e-01 -3.488450497388839722e-02 9.751677513122558594e-01
-1.439682245254516602e+00 8.553912162780761719e+00 -4.004278481006622314e-01 -1.740753352642059326e-01 -1.571827232837677002e-01 -4.500943422317504883e-02 9.710641503334045410e-01
-1.255514502525329590e+00 9.292680740356445312e+00 -3.891009390354156494e-01 -1.747200042009353638e-01 -1.797835677862167358e-01 -5.431062728166580200e-02 9.665408134460449219e-01
-1.076849341392517090e+00 1.000828266143798828e+01 -3.781631290912628174e-01 -1.753999739885330200e-01 -2.001242339611053467e-01 -6.250636279582977295e-02 9.619137644767761230e-01
-9.035877585411071777e-01 1.070068740844726562e+01 -3.675567507743835449e-01 -1.760370284318923950e-01 -2.174410074949264526e-01 -6.930293142795562744e-02 9.575632810592651367e-01
-7.888240814208984375e-01 1.138005828857421875e+01 -4.047891199588775635e-01 -1.765416562557220459e-01 -2.309930324554443359e-01 -7.439158856868743896e-02 9.539083838462829590e-01
-6.797564625740051270e-01 1.203612899780273438e+01 -4.431909024715423584e-01 -1.751132756471633911e-01 -2.404508441686630249e-01 -7.714736461639404297e-02 9.516128897666931152e-01
-5.490618348121643066e-01 1.297964286804199219e+01 -4.876147210597991943e-01 -1.727677881717681885e-01 -2.479698061943054199e-01 -7.852353155612945557e-02 9.499980807304382324e-01
-4.769605398178100586e-01 1.387715816497802734e+01 -5.089687705039978027e-01 -1.708297431468963623e-01 -2.497710883617401123e-01 -7.822062075138092041e-02 9.499016404151916504e-01
-4.696120619773864746e-01 1.525799846649169922e+01 -4.860165417194366455e-01 -1.704210042953491211e-01 -2.469430565834045410e-01 -7.893432676792144775e-02 9.506551623344421387e-01
-4.712514877319335938e-01 1.551643562316894531e+01 -4.801339507102966309e-01 -1.709955185651779175e-01 -2.463439553976058960e-01 -7.986623048782348633e-02 9.506296515464782715e-01
-4.821006357669830322e-01 1.649067306518554688e+01 -4.735528528690338135e-01 -1.763358414173126221e-01 -2.469403147697448730e-01 -8.846658468246459961e-02 9.487358927726745605e-01
-4.875417351722717285e-01 1.672488784790039062e+01 -4.836395084857940674e-01 -1.785557568073272705e-01 -2.482977509498596191e-01 -9.216915071010589600e-02 9.476132988929748535e-01
-5.106977820396423340e-01 1.765809059143066406e+01 -5.250863432884216309e-01 -1.851030588150024414e-01 -2.611261010169982910e-01 -1.126805990934371948e-01 9.406662583351135254e-01
-5.419235229492187500e-01 1.881707572937011719e+01 -5.776443481445312500e-01 -1.948413550853729248e-01 -2.871737778186798096e-01 -1.473391354084014893e-01 9.262068867683410645e-01
-5.545107722282409668e-01 1.927829551696777344e+01 -5.986285209655761719e-01 -1.995052993297576904e-01 -2.978166639804840088e-01 -1.618763506412506104e-01 9.194013476371765137e-01
-5.668516755104064941e-01 1.973805236816406250e+01 -6.195062398910522461e-01 -2.042865753173828125e-01 -3.072513639926910400e-01 -1.757854968309402466e-01 9.126680493354797363e-01
-5.814777016639709473e-01 2.042494010925292969e+01 -6.450399756431579590e-01 -2.109532952308654785e-01 -3.172749578952789307e-01 -1.939972639083862305e-01 9.039913415908813477e-01
-5.800675749778747559e-01 2.110816192626953125e+01 -6.541375517845153809e-01 -2.157439291477203369e-01 -3.199667334556579590e-01 -2.068447768688201904e-01 8.990501165390014648e-01
-5.178256630897521973e-01 2.178014564514160156e+01 -6.085873246192932129e-01 -2.123988270759582520e-01 -3.139959275722503662e-01 -2.099164128303527832e-01 9.012370705604553223e-01
-1.887277215719223022e-01 2.200163078308105469e+01 -2.746972739696502686e-01 -1.925453394651412964e-01 -3.004706799983978271e-01 -1.996864527463912964e-01 9.125617742538452148e-01
-8.945115655660629272e-02 2.114861679077148438e+01 -3.961242735385894775e-02 -1.554577499628067017e-01 -2.705184519290924072e-01 -1.743226647377014160e-01 9.339509010314941406e-01
-6.538943201303482056e-02 2.025965118408203125e+01 4.077636450529098511e-02 -1.108455657958984375e-01 -2.308783829212188721e-01 -1.422846317291259766e-01 9.561190009117126465e-01
-4.519218206405639648e-02 1.959583854675292969e+01 7.552001625299453735e-02 -7.575179636478424072e-02 -1.977796107530593872e-01 -1.185434386134147644e-01 9.700990915298461914e-01
-2.053268440067768097e-02 1.871779251098632812e+01 1.195489466190338135e-01 -3.150752186775207520e-02 -1.537294238805770874e-01 -9.379731118679046631e-02 9.831463098526000977e-01
1.069331634789705276e-02 1.784831237792968750e+01 1.629745513200759888e-01 4.927540197968482971e-03 -1.147698014974594116e-01 -8.334771543741226196e-02 9.898771643638610840e-01
1.070870831608772278e-01 1.692793655395507812e+01 2.058883607387542725e-01 3.348544239997863770e-02 -8.121754974126815796e-02 -8.389421552419662476e-02 9.925947189331054688e-01
2.121086120605468750e-01 1.591547298431396484e+01 2.549478113651275635e-01 5.688437074422836304e-02 -5.050527304410934448e-02 -8.668316155672073364e-02 9.933273792266845703e-01
3.280584514141082764e-01 1.481046962738037109e+01 3.096334636211395264e-01 7.788422703742980957e-02 -1.993140205740928650e-02 -8.287744224071502686e-02 9.933116436004638672e-01
3.140875697135925293e-01 1.422559547424316406e+01 3.250451683998107910e-01 8.834084868431091309e-02 -3.836126532405614853e-03 -7.574018090963363647e-02 9.931991100311279297e-01
2.085404992103576660e-01 1.362054061889648438e+01 3.244314491748809814e-01 9.921718388795852661e-02 1.326539926230907440e-02 -6.364157050848007202e-02 9.929399490356445312e-01
1.547311991453170776e-01 1.330942440032958984e+01 3.240453898906707764e-01 1.049149706959724426e-01 2.230485901236534119e-02 -5.538776144385337830e-02 9.926869869232177734e-01
1.002581417560577393e-01 1.299260616302490234e+01 3.235845863819122314e-01 1.108158230781555176e-01 3.170487284660339355e-02 -4.553654789924621582e-02 9.922907948493957520e-01
