0.000000 0.0000000 0.0000000 0.0000000 0.0000000 0.0000000 0.0000000 1.0000000
0.200000 -0.0051338 -0.0199262 -0.0546963 -0.0285844 0.0241463 0.0235360 0.9990225
0.400000 -0.0090277 -0.0389274 -0.1077907 -0.0582471 0.0487912 0.0483711 0.9959352
0.600000 -0.0218677 -0.0469344 -0.1609945 -0.0889356 0.0747232 0.0732712 0.9905242
0.900000 -0.0426004 -0.0519585 -0.2376454 -0.1346939 0.1126964 0.1108233 0.9782000
1.100000 -0.0560304 -0.0539768 -0.2875953 -0.1638137 0.1368904 0.1352403 0.9675413
1.300000 -0.0721875 -0.0576868 -0.3358679 -0.1915530 0.1604917 0.1578231 0.9553229
1.500000 -0.0869436 -0.0633864 -0.3821698 -0.2175419 0.1820936 0.1791296 0.9420351
1.700000 -0.1021504 -0.0682181 -0.4270689 -0.2405016 0.2021860 0.1972324 0.9286438
1.900000 -0.1164427 -0.0736144 -0.4707475 -0.2608951 0.2196426 0.2132450 0.9155422
2.100000 -0.1309187 -0.0779048 -0.5128497 -0.2785038 0.2336990 0.2225019 0.9046067
2.300000 -0.1444175 -0.0825388 -0.5532037 -0.2935492 0.2448309 0.2277454 0.8955550
2.500000 -0.1575767 -0.0864494 -0.5929043 -0.3045017 0.2547344 0.2326832 0.8878331
2.700000 -0.1701466 -0.0910741 -0.6308283 -0.3129523 0.2637393 0.2371761 0.8810505
2.999999 -0.1827065 -0.0976574 -0.6861343 -0.3199598 0.2767290 0.2431056 0.8728954
3.299999 -0.1830877 -0.1067356 -0.7397950 -0.3222223 0.2905171 0.2484574 0.8660494
3.599999 -0.1818168 -0.1148505 -0.7902327 -0.3205587 0.3050478 0.2546780 0.8598413
3.899998 -0.1812096 -0.1228150 -0.8375564 -0.3162345 0.3227122 0.2616491 0.8528730
4.199998 -0.1873633 -0.1302185 -0.8877105 -0.3108718 0.3432384 0.2685119 0.8446582
4.499998 -0.2014632 -0.1360292 -0.9419022 -0.3030656 0.3671360 0.2763492 0.8348613
4.799998 -0.2157146 -0.1433265 -0.9995371 -0.2951097 0.3922514 0.2857671 0.8230348
5.099998 -0.2329042 -0.1500596 -1.0615013 -0.2857487 0.4174992 0.2938476 0.8109844
5.399997 -0.2537929 -0.1580513 -1.1269448 -0.2774518 0.4396174 0.3018242 0.7991616
5.599997 -0.2592793 -0.1623121 -1.1748534 -0.2710396 0.4532661 0.3058567 0.7921736
5.899997 -0.2688268 -0.1693911 -1.2496777 -0.2634961 0.4695755 0.3094173 0.7837918
6.199996 -0.2757538 -0.1780612 -1.3288922 -0.2581881 0.4782344 0.3121623 0.7792211
6.499996 -0.2823264 -0.1882573 -1.4128017 -0.2548117 0.4813387 0.3125358 0.7782708
6.799996 -0.2920883 -0.1973563 -1.5006191 -0.2513759 0.4835399 0.3103467 0.7788994
7.099996 -0.3223387 -0.2141115 -1.5864720 -0.2507307 0.4858748 0.3066908 0.7791024
7.399995 -0.3529790 -0.2303520 -1.6755199 -0.2521936 0.4913340 0.3014799 0.7772382
7.699995 -0.3855506 -0.2471876 -1.7673320 -0.2552687 0.5036721 0.2957699 0.7705014
7.999995 -0.4154474 -0.2636340 -1.8588871 -0.2608106 0.5238217 0.2900048 0.7572885
8.199995 -0.4097538 -0.2727783 -1.9195871 -0.2610556 0.5439087 0.2828873 0.7456461
8.499996 -0.3850859 -0.2859376 -2.0106630 -0.2628823 0.5798578 0.2720111 0.7215731
8.699997 -0.3703061 -0.2941727 -2.0688043 -0.2651015 0.6062158 0.2643191 0.7016830
8.899998 -0.3685036 -0.3002725 -2.1292608 -0.2694574 0.6309875 0.2590719 0.6798009
9.099998 -0.3714658 -0.3044073 -2.1882381 -0.2730096 0.6541718 0.2535646 0.6582021
9.299999 -0.3877369 -0.3278702 -2.2364399 -0.2765514 0.6735113 0.2493173 0.6385473
9.500000 -0.4088888 -0.3605165 -2.2803228 -0.2793433 0.6880035 0.2473274 0.6224530
9.800001 -0.4355927 -0.4185320 -2.3390074 -0.2815969 0.6992747 0.2476368 0.6086002
10.000002 -0.4533182 -0.4612921 -2.3714995 -0.2804438 0.6997952 0.2474095 0.6086267
10.200003 -0.4681903 -0.5047952 -2.4058094 -0.2766479 0.6927434 0.2486458 0.6178575
10.400003 -0.4819573 -0.5466247 -2.4397244 -0.2712541 0.6794196 0.2501442 0.6342223
10.600004 -0.4724064 -0.5700948 -2.4886210 -0.2637967 0.6604719 0.2510922 0.6566132
10.900005 -0.4589414 -0.6051740 -2.5609515 -0.2504011 0.6220945 0.2509595 0.6980810
11.200006 -0.4471476 -0.6419975 -2.6299369 -0.2347247 0.5776501 0.2493346 0.7409838
11.500008 -0.4357994 -0.6755477 -2.6988306 -0.2162662 0.5271411 0.2427831 0.7851163
11.800009 -0.4700373 -0.6798830 -2.7506676 -0.1982854 0.4781482 0.2309658 0.8238398
12.100010 -0.5305690 -0.6671551 -2.7935061 -0.1813486 0.4356407 0.2116127 0.8558913
12.400011 -0.5904447 -0.6555038 -2.8370595 -0.1662973 0.4023904 0.1871728 0.8805643
12.700012 -0.6371097 -0.6241367 -2.8752546 -0.1529937 0.3775821 0.1578118 0.8995110
13.100014 -0.6545411 -0.5366255 -2.9063592 -0.1399774 0.3524953 0.1170534 0.9178518
13.400015 -0.6725237 -0.4889753 -2.9389682 -0.1331081 0.3376855 0.0879213 0.9276425
13.700016 -0.7000664 -0.4794145 -2.9979074 -0.1283334 0.3225838 0.0628234 0.9356941
14.100018 -0.7229370 -0.4268557 -3.0524323 -0.1248374 0.2994809 0.0401329 0.9450482
14.400019 -0.7298831 -0.3557057 -3.0766640 -0.1242547 0.2772797 0.0309753 0.9522170
14.700020 -0.7236198 -0.2880861 -3.0655007 -0.1232462 0.2525947 0.0275898 0.9592941
15.100021 -0.6933966 -0.2081473 -2.9894991 -0.1195118 0.2187753 0.0289851 0.9679949
15.500023 -0.6621797 -0.1253890 -2.9130709 -0.1071654 0.1850853 0.0326421 0.9763163
16.000025 -0.6325768 -0.0432587 -2.8062446 -0.0754415 0.1481478 0.0332861 0.9855216
16.600027 -0.6332655 -0.0352421 -2.6351967 -0.0083134 0.1176593 0.0173082 0.9928684
17.100029 -0.5907771 -0.1069363 -2.5091197 0.0626669 0.0951121 -0.0049014 0.9934800
17.500031 -0.4685845 -0.0761087 -2.5039675 0.1209103 0.0740874 -0.0239272 0.9896056
18.100033 -0.2739323 -0.0263060 -2.4973857 0.1963043 0.0311103 -0.0526988 0.9786315
18.600035 -0.2884008 -0.0544752 -2.4907408 0.2391576 -0.0221192 -0.0705039 0.9681650
19.000036 -0.3156759 -0.0086225 -2.3540368 0.2602224 -0.0758143 -0.0809026 0.9591618
19.500038 -0.3496081 0.0509288 -2.1781480 0.2695551 -0.1572712 -0.0921346 0.9455776
19.900040 -0.2824613 -0.0467783 -2.0903859 0.2644388 -0.2331737 -0.1011257 0.9303095
20.200041 -0.2400004 -0.0731819 -1.9839787 0.2493154 -0.2991524 -0.0976502 0.9158679
20.500042 -0.2033479 -0.1049731 -1.8750868 0.2268508 -0.3677115 -0.0938666 0.8969482
20.800043 -0.1661832 -0.1802951 -1.7997355 0.2015117 -0.4325378 -0.0951476 0.8736424
21.000044 -0.1297766 -0.2396745 -1.7617534 0.1848061 -0.4729181 -0.0984318 0.8558658
21.300045 -0.1161621 -0.2401411 -1.6386881 0.1618583 -0.5261036 -0.1062249 0.8280901
21.600046 -0.1413226 -0.2185849 -1.5161737 0.1430760 -0.5697506 -0.1150415 0.8010486
21.900047 -0.1511827 -0.2191497 -1.3859024 0.1296487 -0.6035681 -0.1222726 0.7771398
22.200048 -0.1562895 -0.1791835 -1.2599124 0.1181057 -0.6249008 -0.1245943 0.7615946
22.400049 -0.1432351 -0.1534388 -1.1743935 0.1129903 -0.6331798 -0.1236688 0.7556604
22.700050 -0.1367627 -0.1539691 -1.0419556 0.1095334 -0.6373402 -0.1214212 0.7530317
22.900051 -0.1347637 -0.1764253 -0.9521246 0.1096828 -0.6372692 -0.1196447 0.7533544
23.100052 -0.1324281 -0.2114721 -0.8658711 0.1112725 -0.6339843 -0.1175919 0.7562106
23.400053 -0.0966007 -0.2360762 -0.7324005 0.1145688 -0.6258994 -0.1156995 0.7627172
23.700054 -0.0584928 -0.2551080 -0.5930412 0.1197663 -0.6181104 -0.1127488 0.7686893
24.100056 -0.0174635 -0.2563853 -0.3994853 0.1268800 -0.6093892 -0.1098390 0.7749076
24.500057 0.0821096 -0.3146730 -0.2370690 0.1310925 -0.6053557 -0.1087013 0.7775238
24.700058 0.0848032 -0.3243888 -0.1394757 0.1311921 -0.6055515 -0.1096394 0.7772228
25.000059 0.1061235 -0.2965516 0.0082899 0.1297160 -0.6081955 -0.1122988 0.7750232
25.200060 0.1230870 -0.2761917 0.1066071 0.1264983 -0.6112183 -0.1165304 0.7725484
25.400061 0.1216064 -0.2666960 0.2083371 0.1213779 -0.6158351 -0.1220967 0.7688348
25.600061 0.1272576 -0.2683644 0.3112396 0.1139727 -0.6208379 -0.1294250 0.7647350
25.800062 0.1330078 -0.2675807 0.4178206 0.1056557 -0.6275125 -0.1378583 0.7589862
26.000063 0.1387458 -0.2683997 0.5230253 0.0945685 -0.6340030 -0.1493472 0.7528561
26.200064 0.1447789 -0.2701873 0.6239694 0.0782659 -0.6382573 -0.1637890 0.7481144
26.400064 0.1533997 -0.2689266 0.7243254 0.0594422 -0.6433619 -0.1799112 0.7417440
26.600065 0.1654458 -0.2700958 0.8282679 0.0432981 -0.6516215 -0.1935813 0.7321482
26.800066 0.1782372 -0.2695965 0.9274731 0.0267429 -0.6580677 -0.2075332 0.7232991
27.000067 0.1903996 -0.2703522 1.0240499 0.0084941 -0.6637726 -0.2217947 0.7142415
27.200068 0.1916596 -0.2703065 1.1144975 -0.0076593 -0.6671908 -0.2382376 0.7057199
27.400068 0.1830632 -0.2665769 1.2058568 -0.0241063 -0.6716133 -0.2521284 0.6962656
27.600069 0.1753391 -0.2643589 1.3007026 -0.0375108 -0.6772708 -0.2648527 0.6853833
27.800070 0.1671825 -0.2601842 1.3898277 -0.0492817 -0.6809981 -0.2744383 0.6771237
28.000071 0.1630170 -0.2669567 1.4715137 -0.0613943 -0.6824070 -0.2845626 0.6705039
28.200071 0.1652372 -0.2660072 1.5452133 -0.0647293 -0.6810335 -0.2880991 0.6700764
28.500072 0.1662113 -0.2717191 1.6564076 -0.0718810 -0.6802292 -0.2911337 0.6688517
28.800074 0.1722817 -0.2728730 1.7624342 -0.0733900 -0.6796378 -0.2912977 0.6692174
29.300076 0.1949984 -0.2685072 1.9254242 -0.0708937 -0.6813173 -0.2879113 0.6692442
29.400076 0.1992758 -0.2677621 1.9535017 -0.0699206 -0.6804220 -0.2885269 0.6699920
29.800077 0.2194379 -0.2673352 2.0666978 -0.0661839 -0.6853259 -0.2923529 0.6636851
29.900078 0.2253038 -0.2679993 2.0951746 -0.0653284 -0.6879618 -0.2940898 0.6602666
30.300079 0.2445432 -0.2722343 2.2032685 -0.0699269 -0.6987095 -0.3075413 0.6421320
30.800081 0.2691828 -0.2799436 2.3371806 -0.0835616 -0.7148199 -0.3327269 0.6093790
31.000082 0.2790726 -0.2821878 2.3920887 -0.0883864 -0.7218608 -0.3429126 0.5945719
31.200083 0.2890266 -0.2845823 2.4459510 -0.0919295 -0.7282154 -0.3526531 0.5804197
31.500084 0.3045773 -0.2864033 2.5258975 -0.0941406 -0.7362459 -0.3634942 0.5629844
31.800085 0.3157845 -0.2871125 2.6073675 -0.0930136 -0.7432351 -0.3687828 0.5504082
32.100082 0.3207725 -0.2814545 2.6876702 -0.0903469 -0.7472052 -0.3618701 0.5500653
32.400078 0.2860792 -0.2419700 2.7190015 -0.0923227 -0.7466375 -0.3377489 0.5656277
32.800072 0.2574154 -0.2161392 2.6213064 -0.0953156 -0.7415608 -0.2908646 0.5969927
33.200066 0.2370224 -0.2084579 2.5159574 -0.0964081 -0.7310528 -0.2327965 0.6340924
33.500061 0.2233147 -0.2036393 2.4390543 -0.0939291 -0.7225885 -0.1838429 0.6597309
33.900055 0.2045157 -0.1977325 2.3351884 -0.0892579 -0.7120313 -0.1216315 0.6857479
34.300049 0.1853659 -0.1923784 2.2331197 -0.0832255 -0.7084481 -0.0685512 0.6974780
34.700043 0.1580748 -0.1864809 2.1285136 -0.0762054 -0.7113247 -0.0245297 0.6982895
35.100037 0.1271759 -0.1798728 2.0109198 -0.0670507 -0.7138069 0.0128718 0.6970066
35.500031 0.0912199 -0.1740986 1.8877259 -0.0614675 -0.7139583 0.0489940 0.6957621
35.700027 0.0837409 -0.1748221 1.8157717 -0.0558460 -0.7063755 0.0638862 0.7027329
35.900024 0.0881128 -0.1737671 1.7471377 -0.0508106 -0.6992443 0.0856992 0.7079064
36.000023 0.0880851 -0.1745837 1.7080537 -0.0483944 -0.6913807 0.0962150 0.7144182
36.100021 0.0888067 -0.1726014 1.6701659 -0.0436542 -0.6842725 0.1069942 0.7200123
