0 0
1 2
2 4
3 6
4 9
5 11
6 13
7 15
8 17
9 19
10 21
11 23
12 25
13 27
14 30
15 33
16 36
17 39
18 42
19 45
20 48
21 51
22 54
23 56
24 59
25 62
26 65
27 68
28 71
29 74
30 77
31 80
32 82
33 85
34 87
35 89
36 91
37 93
38 95
39 98
40 100
41 102
42 104
43 106
44 109
45 112
46 115
47 118
48 121
49 124
50 127
51 131
52 134
53 137
54 141
55 144
56 147
57 151
58 155
59 160
60 166
61 171
62 175
63 181
64 186
65 190
66 195
67 199
68 202
69 205
70 208
71 210
72 213
73 216
74 219
75 222
76 224
77 227
78 229
79 231
80 234
81 237
82 241
83 245
84 247
85 250
86 252
87 254
88 256
89 258
90 260
91 262
92 264
93 266
94 268
95 270
96 272
97 274
98 276
99 278
100 280
101 282
102 285
103 288
104 293
105 294
106 298
107 299
108 303
109 308
110 310
111 312
112 315
113 318
114 321
115 324
116 328
117 332
118 335
119 339
120 343
121 347
122 351
123 355
124 357
125 359
126 360
127 361
